
PREMERA SEMANA DE JUNIO:

151994
171416
190868
192107
192306
195060
197897
197902
202901
202914
202920
205115
205770
210396
218973
228996
250992
12010
13380
22659
69989
87605
95361
105972
118746
125263
129325
150356
155902
156785
162151
173515
187174
231717
251491
138188
189182
252632
252633
252639
252646

SEGUNDA SEMANA DE JUNIO:

252665
130159
252698
146164
141277
140490
252706
26510
252733
125479
127842
252759
252764
252908
252771
252784
252921
252767
93396
155733
64409
172736
252928
252798
150571
154039
252941
69914
252828
252851
164217
166824
252938
252865
132871
252937
13380
211596
252932
253112

TERCERA SEMANA DE JUNIO:

251488
115235
211596
21504
211528
153068
212528
229258
114719
171117
151627
171782
168519
212226

195060
137178
119578
253042
253045
253048
222574
202449
189025
13509
186532
219726

253049
253021
224508
253077
253098
253104
253107
253109
253111
253112
227753
252646

107301
117879
154617
253165
253147
253182
253188
253192
253194
253129
229105
229689
105328

169817
124614
253241
253255
253261
253263
228723
229114
229223
229108
229636
229403

CUARTA SEMANA DE JUNIO:

252908
252851
105986
252938
212528

253362
253367
253372
169642
143361
253388
69861
253396
253403
147023

253408
253421
253430
153971
102527
166353
253458
139497
212226
184481
13372
69648
212073
194055
251523
190988
253475
253497
134406
229026
187752
228372
252633
228510
124987
145376
212241
125002
229485
104158
229436
228587
204220
229070
212411
229166
229131
228414
211682
228916
212521


QUINTA SEMANA DE JUNIO:

161508
231028
213498
101761
197253
171863
63555
144332
229462
229648
107838
229038
228362
229430
229356
228287
179668
12359
Unilin Group
166471

85039
407
214569
101892
208924
228920
228677
113264
145376
126812
228683
228447
174240
139494
225982
221524
209333
227920
214678
Lojas Renner S.A.
202515
253754
229370

PRIMERA SEMANA DE JULIO:

253758
no tiene
183627
100477
253818
253842
253850
122785
142588
227890
188363
212620
137768
187569
227779
228103
124988
95753
198132
228876
228826
228825
227367
217978
227229
168877
112345
210254
73634
169817
190868
212528
211528
100477


SEGUNDA SEMANA DE JULIO:

214855
208924
170765
112807
99039
229035
96995
78888
11504
211596
194055
118580
168975

211551
124995
93130
229274
93365
144129
158266
229349
229584
211560
211680
103901
228248
24986
171117
131261
212092
212515
117630
227583
212051
171167
212097
253109
229436
212620
168519
118893
170765
93365
12359


TERCERA SEMANA DE JULIO:

212073
229590
229662
254253
129493
69766
153971
137622
254282
253436
171209
212045
229219
229244
227286
227919
228733
227696
212501
229650
212414
228723
254253
231717
224508
217978
231028
229689
214678
212411
197897
168519
22598
219547
229223
212660
229390
229361
229163
229340
126606
212608
181975
25000
228279


CUARTA SEMANA DE JULIO:

227422
229242
228910
227679
229453
172771
229017
229663
229660
228231
54150
126237
184825
211479
82537
17931
85087
121852
176095
201874
106033
109800
186914
204772
218934
136357
140870
184826
229435
229434
229249
229246
212622
228684
212236
228637
229395
228686
229173
228693
200081
228940
20978
212705
229164
229309
229582
229296

PRIMERA SEMANA DE AGOSTO:

126372
26574
106032
120178
226635
164084
173756
205702
201111
5116
203065
210374
220665
222161
67081
224233
54659
109232
171416
93365
194055
202901
227753
229244
54677
211376
228915
229304
229202
95352
229118
92815
229024
212811
229016
212707
208924
227775
26136
16171
228822
227625
105111
228369
229166
228675
228930
229087
229358
209379
227768
229042
229445
212178
229537
229555
228578
228631
211671
168334
"229306	"

126372
26574
106032
120178
226635
164084
173756
205702
201111
5116
203065
210374
220665
222161
67081
224233
54659
109232
171416
93365
194055
202901
227753
229244
54677
211376
228915
229304
229202
95352
229118
92815
229024
212811
229016
212707
208924
227775
26136


segunda semana de agosto:
26574
170765
53442
202899
218618
252245
4366
120754
172814
218465
14313
54061
76660
187174
199823
96677
173580
66868
203285
124614
228730  esta en 15 jobs y tiene mas de 300 .las locaciones son el problema
229108
229114
154899
72538     95844 quedo pendiente porque no pagina  de la estrategia benefits and salary
54709
17968
157722  las locaciones estan con indefined y falto variables  DOBLE
157722
229377
252639
228510
252633
208914
229586
208951
229155  229032 pagina desordenada se dejo pendiente
252632
213867
229312
229190   196368 moore que no pagina
69648     poner en workinonit 228730    95844
251655
13372
11170
196368   95844 escalarlo
95844  corregido


TERCERA SEMANA DE AGOST0:
 primer día:
102020
117630
211628
139497
125100
229184
227645
188419
209054
212515 
131261  DOBLE META PORQUE SE REINDEXO TOTALMENTE PARA NO USAR MUCHAS ESPERAS QUE TENIA EL MOORE

  segundo dia
212092
95844   doble meta por dificil lo hice 3 v3ces y toco con job fantasma
95844
171117
228248
105103 DOBLE PORQUE SE REINDEXO TODO CON fetch
105103
103901
229381  estaba en stuck tal vez valida para pedir doble. se extrageron varias variables pero quedo sencilla
124412
94903
114719

tercer dia
158266
229375 doble
229375 
212826
144129 3*1 , 211528 3*1,
169127
229347
229705
227507  agregarle el dateposted,, descomentarselo mas tarde
229274
228618
211841

Cuarto dia
153068
118580
118580 doble porque hubo que reindexar todo para que no cayera tanto em stuck
73634
172983
105069
REDUCCION DE 6 METAS

SEMANA DEL 22 AL 26 DE AGOSTO
dia 1
7 indexaciones por fallas de sistema
22598
190988
251523
118893
151022

dia 2
121998 metas de stuck
22800
57715
231687
89999
185642
185642
67125
219304
219304
192304
16930

dia 3=
10886
54643
54643 doble porque se reindexo todo con fetch y nuevas variables
26826 tentativa doble porque quedo muy bacana
222747
130112
187614
253631
100165
229080
229080 doble
5906 doble

dia 4
5906 cuarto dia (jueves)
179463  doble
179463  doble
131418  quedo con problemas de reinsert
66921 doble
66921 doble
194118 doble
194118 doble
210286
18641
168127
105073 doble

dia 5
105073  dia 5 viernes
99289 
99289 doble
107470
214882
204772
168975
168975
168519 doble
168519
121852
78888


Septiembre  semana 1
lunes
253758 doble
253758 doble
253396
253129
252921
251929
173957
99788
253622
197409
155810
196030

martes
192288 doble
192288
255537 new
212407                
155816 -155160-155267
255552  doble 
255552
255556
255565
154588-154312-155083 tres por uno
255571  REVISAR DESPUES,NO TIENE BIEN EL HTML
255584 pedir por 2 despues

miercoles
255611
155005-155027-154949
155449-154903-154555  este ult es un id de company black list
255626
77185
255634
229590           
255570
255659
252850   1
255699
255711

255750  jueves
255754
255757
255758
255759
155856-112345-214678   
211668
255803
255806
255807
255807
12010

viernes
118580        viernes
93365
168519
139497
13372
94903 - 103901
228248
229184 
69648
255634
187752
228372
145376	

112345
214678
12010
118580
93365
168519
139497
13372
94903
103901
228248
229184
69648
255634
187752
228372
145376
255865
255879
229377
252646

Septiembre ******************************************* SEPTIEMBRE

255865
255879
229377
252646
252633
228510
212501
212608
228287
229312
255924
255925
255940
255943
154603
228540
117237
219249
179650
255970
182978
182978
16308
171167
228618
228723
228683
111593
170692
220348
132057
132057
203365
28423
255997
127537
256000
256001
228248

semana 3
213867
228447
212620
229108
214882
155894



199725
227629
227629
162501
211277
228561
228693
186560
201828
256131
256132
256138
id company 154714
id company 155705
256141
125446
255570
255584
118580
153068
255925
124614
229038
126812
174240
255565
227367
70864
215558
66602
63985
215816
7901
199792
203279
7901
164207
220006
22448
141946
75301
75301
71676
154703





256295
256297
256297
256299
212014
212519
256307
212856
256312
256312


ultima semana de septiembre:
164743
187187
137178
227471
69648
229662
23812
213429
id company 155079 /  155664 /155644
256756
154768  /idcompany  154627  / 
256807



141792
141792
184226 / 137211 wic strategi
191829
191836
71937
71937
256819
168877
228510
210107
210107
id company 155759 / id company 154624
83811
83811
228372
231717
75064/ 175711 / 178863
255970
124614
15796
15796
252639
91189 / 229184 / 154489 / 170970 id company
229590
159199
70135
193548
127538
127538
130608
119532
69204
147181
66660
66660


primera semana de octubre:

12010
212210
115806
159791
199664
192037
217167
31762
178245
104262
23989
23989



162932
128251
111637
166659
69653
171631
226165
188078
136287
136288
135364
218277
4011
141569
155634
11460
23253
175764
206638
250564
5301 id company
5990 id company
158171
187609
172562
139606
139606
186267
179891
179892
129065
172940
252816
69327
13836
117110
129216
10548
85417
138968
191836
63983
63983
191076
95166
17252
157931
171812
187884
187884
184587
253013
15392
15393
66596
54293
130082
93939
